5 0.418914 0.802751 0.218214 0.195823
0 0.553606 0.522219 0.248319 0.213694
0 0.671284 0.31934 0.242506 0.190709
0 0.157987 0.692405 0.248428 0.214295
5 0.665057 0.726257 0.196278 0.189232
0 0.2933 0.415485 0.277509 0.252959
0 0.462614 0.24207 0.188909 0.160243
5 0.680122 0.701368 0.165734 0.137963
0 0.281831 0.447924 0.257619 0.193381
5 0.536842 0.184931 0.229845 0.214841
0 0.601122 0.131224 0.154681 0.161805
5 0.514369 0.750229 0.142144 0.149575
0 0.316703 0.389757 0.224015 0.194337
0 0.520812 0.75351 0.126598 0.154289
