0 0.305786 0.22876 0.207198 0.222426
0 0.663898 0.221901 0.200538 0.211315
0 0.163874 0.449435 0.205877 0.220519
0 0.56622 0.764684 0.235143 0.217647
0 0.619417 0.766196 0.276063 0.218629
0 0.78352 0.583652 0.193824 0.204722
5 0.3842 0.767192 0.176688 0.187999
0 0.493764 0.754984 0.113291 0.200263
0 0.761278 0.571406 0.154241 0.180312
0 0.642045 0.204072 0.160873 0.180018
0 0.747399 0.426801 0.156375 0.17512
0 0.664452 0.766881 0.199011 0.222385
1 0.725125 0.417615 0.199302 0.195506
5 0.608373 0.413147 0.184407 0.189192
0 0.812735 0.596531 0.150685 0.194034
0 0.611411 0.412594 0.183868 0.191506
0 0.700173 0.775902 0.127408 0.202722
